<svg
   xmlns:dc="http://purl.org/dc/elements/1.1/"
   xmlns:cc="http://creativecommons.org/ns#"
   xmlns:rdf="http://www.w3.org/1999/02/22-rdf-syntax-ns#"
   xmlns:svg="http://www.w3.org/2000/svg"
   xmlns="http://www.w3.org/2000/svg"
   version="1.1"
   width="26.966127"
   height="18.122494"
   viewBox="0 0 27 19"
   id="svg3788">
  <defs
     id="defs3790" />
  <metadata
     id="metadata3793">
    <rdf:RDF>
      <cc:Work
         rdf:about="">
        <dc:format>image/svg+xml</dc:format>
        <dc:type
           rdf:resource="http://purl.org/dc/dcmitype/StillImage" />
        <dc:title></dc:title>
      </cc:Work>
    </rdf:RDF>
  </metadata>
  <g
     transform="translate(-34.596373,-4.6461865)"
     id="layer1">
    <path
       d="m 46.594059,4.6461865 c -0.825702,0.2115269 -1.547956,0.5727299 -1.547956,0.5727299 l 0.05841,-0.3300478 -0.02921,-0.029122 c -0.599636,0.114577 -1.328905,0.5533153 -1.328905,0.5533153 l 0.07302,-0.3591696 C 42.704343,5.3799967 42.256862,5.7528171 42.256862,5.7528171 L 42.359086,5.4033548 C 41.644759,5.5906442 40.927957,6.2090595 40.927957,6.2090595 L 40.89875,5.9081336 c -2.753223,1.9081488 -6.031187,1.6890676 -6.031187,1.6890676 l 0,0.2815112 c 2.193033,-0.1762725 5.636896,1.3007764 5.636896,1.3007764 -0.04806,-0.1388149 0.0146,-0.2038534 0.0146,-0.2038534 0.904592,0.4274611 1.270492,0.4659503 1.270492,0.4659503 C 41.567463,9.2058207 41.672724,9.160074 41.672724,9.160074 42.718524,9.6117725 43.17687,9.6357313 43.17687,9.6357313 43.08273,9.373526 43.14766,9.3736344 43.14766,9.3736344 c 0.742502,0.4406812 1.504146,0.543608 1.504146,0.543608 -0.37324,-0.423054 -0.306671,-0.4271208 -0.306671,-0.4271208 0.745485,0.1718659 1.708593,0.5047792 1.708593,0.5047792 -0.113364,-0.2864427 -0.08762,-0.407706 -0.08762,-0.407706 1.177064,0.5332242 1.504146,0.4271212 1.504146,0.4271212 -0.23369,-0.49136 -0.146034,-0.5630232 -0.146034,-0.5630232 1.409428,0.7139042 1.577163,0.4853644 1.577163,0.4853644 -0.211481,-0.2159342 -0.08762,-0.4465356 -0.08762,-0.4465356 0.902604,0.3371217 1.489543,0.2426822 1.489543,0.2426822 L 50.157272,9.295976 c 0.977517,0.3503418 1.562559,0.2329752 1.562559,0.2329752 L 51.617608,9.1018304 C 52.79799,9.3662393 53.01953,9.1406574 53.01953,9.1406574 52.919425,8.9004858 52.94651,8.7814873 52.94651,8.7814873 54.051976,9.1075917 54.260813,8.927097 54.260813,8.927097 53.890556,8.5326869 54.070969,8.5485128 54.070969,8.5485128 c 0.148832,0.015422 0.452704,0.1941456 0.452704,0.1941456 0.04102,-0.185086 0.09468,-0.2052991 0.116827,-0.2038533 0.397106,0.1939003 1.153665,0.067951 1.153665,0.067951 -0.241313,-0.2622053 -0.146034,-0.3203406 -0.146034,-0.3203406 0.862496,0.050679 1.56256,0.019417 1.56256,0.019417 l 0.07302,-0.2038532 C 58.381889,7.9190976 61.5625,8.0049072 61.5625,8.0049072 59.378484,7.4496489 57.60499,7.2768608 57.60499,7.2768608 L 57.531973,7.1506661 C 56.860076,6.9788005 56.524342,6.9856422 56.524342,6.9856422 l 0.13143,-0.3106331 -1.255889,-0.067951 0.175241,-0.2815113 c -0.943057,-0.1850861 -1.65018,0.029122 -1.65018,0.029122 l 0.335878,-0.3688767 c -0.895312,-0.125594 -1.416526,0.029122 -1.416526,0.029122 L 53.12176,5.6557442 c -0.653336,-0.00441 -1.474939,0.1456093 -1.474939,0.1456093 l 0.26286,-0.4562424 c -0.999726,0.189493 -1.620973,0.1844384 -1.620973,0.1844384 l 0.306671,-0.3785841 c -0.819073,-0.094747 -1.562559,0.203853 -1.562559,0.203853 l 0.30667,-0.4659498 c -0.679853,-0.022033 -1.708593,0.3009259 -1.708593,0.3009259 0.299322,-0.3922064 0.306671,-0.543608 0.306671,-0.543608 -0.80515,0.2511882 -1.767006,0.5339007 -1.767006,0.5339007 l 0.423497,-0.5339007 z"
       id="path3000"
       style="fill:#fafdfb;fill-opacity:1;fill-rule:nonzero" />
    <path
       d="m 46.322872,11.154661 c -0.825702,0.211527 -1.547956,0.57273 -1.547956,0.57273 l 0.05841,-0.330048 -0.02921,-0.02912 c -0.599636,0.114577 -1.328905,0.553316 -1.328905,0.553316 l 0.07302,-0.35917 c -1.115075,0.326104 -1.562556,0.698925 -1.562556,0.698925 l 0.102224,-0.349463 c -0.714327,0.18729 -1.431129,0.805705 -1.431129,0.805705 L 40.62756,12.41661 c -2.753223,1.908149 -6.031187,1.689068 -6.031187,1.689068 l 0,0.281511 c 2.193033,-0.176272 5.636896,1.300776 5.636896,1.300776 -0.04806,-0.138814 0.0146,-0.203853 0.0146,-0.203853 0.904592,0.427461 1.270492,0.46595 1.270492,0.46595 -0.222088,-0.235765 -0.116827,-0.281511 -0.116827,-0.281511 1.0458,0.451698 1.504146,0.475657 1.504146,0.475657 -0.09414,-0.262205 -0.02921,-0.262097 -0.02921,-0.262097 0.742502,0.440681 1.504146,0.543608 1.504146,0.543608 -0.37324,-0.423054 -0.306671,-0.427121 -0.306671,-0.427121 0.745485,0.171866 1.708593,0.504779 1.708593,0.504779 -0.113364,-0.286442 -0.08762,-0.407706 -0.08762,-0.407706 1.177064,0.533225 1.504146,0.427122 1.504146,0.427122 -0.23369,-0.49136 -0.146034,-0.563024 -0.146034,-0.563024 1.409428,0.713905 1.577163,0.485365 1.577163,0.485365 -0.211481,-0.215934 -0.08762,-0.446536 -0.08762,-0.446536 0.902604,0.337122 1.489543,0.242682 1.489543,0.242682 l -0.146034,-0.436827 c 0.977517,0.350341 1.562559,0.232975 1.562559,0.232975 l -0.102223,-0.427121 c 1.180382,0.264409 1.401922,0.03883 1.401922,0.03883 -0.100105,-0.240172 -0.07302,-0.35917 -0.07302,-0.35917 1.105466,0.326104 1.314303,0.14561 1.314303,0.14561 -0.370257,-0.39441 -0.189844,-0.378585 -0.189844,-0.378585 0.148832,0.01542 0.452704,0.194146 0.452704,0.194146 0.04102,-0.185086 0.09468,-0.205299 0.116827,-0.203853 0.397106,0.1939 1.153665,0.06795 1.153665,0.06795 -0.241313,-0.262206 -0.146034,-0.320341 -0.146034,-0.320341 0.862496,0.05068 1.56256,0.01942 1.56256,0.01942 l 0.07302,-0.203853 c 1.098178,-0.182882 4.278789,-0.09707 4.278789,-0.09707 C 59.107294,13.958133 57.3338,13.785344 57.3338,13.785344 L 57.26078,13.65915 c -0.671897,-0.171866 -1.007631,-0.165024 -1.007631,-0.165024 l 0.13143,-0.310633 -1.255889,-0.06795 0.175241,-0.281512 c -0.943057,-0.185086 -1.65018,0.02912 -1.65018,0.02912 l 0.335878,-0.368876 c -0.895312,-0.125594 -1.416526,0.02912 -1.416526,0.02912 l 0.277464,-0.35917 c -0.653336,-0.0044 -1.474939,0.145609 -1.474939,0.145609 l 0.26286,-0.456242 c -0.999726,0.189493 -1.620973,0.184438 -1.620973,0.184438 l 0.306671,-0.378584 c -0.819073,-0.09475 -1.562559,0.203853 -1.562559,0.203853 l 0.30667,-0.46595 c -0.679853,-0.02203 -1.708593,0.300926 -1.708593,0.300926 0.299322,-0.392206 0.306671,-0.543608 0.306671,-0.543608 -0.80515,0.251188 -1.767006,0.533901 -1.767006,0.533901 l 0.423497,-0.533901 z"
       id="path3770"
       style="fill:#fafdfb;fill-opacity:1;fill-rule:nonzero" />
    <path
       d="m 46.322872,17.39195 c -0.825702,0.211527 -1.547956,0.57273 -1.547956,0.57273 l 0.05841,-0.330048 -0.02921,-0.02912 c -0.599636,0.114577 -1.328905,0.553316 -1.328905,0.553316 l 0.07302,-0.35917 c -1.115075,0.326104 -1.562556,0.698925 -1.562556,0.698925 l 0.102224,-0.349463 c -0.714327,0.18729 -1.431129,0.805705 -1.431129,0.805705 l -0.02921,-0.300926 c -2.753223,1.908149 -6.031187,1.689068 -6.031187,1.689068 l 0,0.281511 c 2.193033,-0.176272 5.636896,1.300776 5.636896,1.300776 -0.04806,-0.138814 0.0146,-0.203853 0.0146,-0.203853 0.904592,0.427461 1.270492,0.46595 1.270492,0.46595 -0.222088,-0.235765 -0.116827,-0.281511 -0.116827,-0.281511 1.0458,0.451698 1.504146,0.475657 1.504146,0.475657 -0.09414,-0.262205 -0.02921,-0.262097 -0.02921,-0.262097 0.742502,0.440681 1.504146,0.543608 1.504146,0.543608 -0.37324,-0.423054 -0.306671,-0.427121 -0.306671,-0.427121 0.745485,0.171866 1.708593,0.504779 1.708593,0.504779 -0.113364,-0.286442 -0.08762,-0.407706 -0.08762,-0.407706 1.177064,0.533225 1.504146,0.427122 1.504146,0.427122 -0.23369,-0.49136 -0.146034,-0.563024 -0.146034,-0.563024 1.409428,0.713905 1.577163,0.485365 1.577163,0.485365 -0.211481,-0.215934 -0.08762,-0.446536 -0.08762,-0.446536 0.902604,0.337122 1.489543,0.242682 1.489543,0.242682 l -0.146034,-0.436827 c 0.977517,0.350341 1.562559,0.232975 1.562559,0.232975 l -0.102223,-0.427121 c 1.180382,0.264409 1.401922,0.03883 1.401922,0.03883 -0.100105,-0.240172 -0.07302,-0.35917 -0.07302,-0.35917 1.105466,0.326104 1.314303,0.14561 1.314303,0.14561 -0.370257,-0.39441 -0.189844,-0.378585 -0.189844,-0.378585 0.148832,0.01542 0.452704,0.194146 0.452704,0.194146 0.04102,-0.185086 0.09468,-0.205299 0.116827,-0.203853 0.397106,0.1939 1.153665,0.06795 1.153665,0.06795 -0.241313,-0.262206 -0.146034,-0.320341 -0.146034,-0.320341 0.862496,0.05068 1.56256,0.01942 1.56256,0.01942 l 0.07302,-0.203853 C 58.110699,20.664868 61.29131,20.75068 61.29131,20.75068 59.107294,20.195422 57.3338,20.022633 57.3338,20.022633 l -0.07302,-0.126194 c -0.671897,-0.171866 -1.007631,-0.165024 -1.007631,-0.165024 l 0.13143,-0.310633 -1.255889,-0.06795 0.175241,-0.281512 c -0.943057,-0.185086 -1.65018,0.02912 -1.65018,0.02912 l 0.335878,-0.368876 c -0.895312,-0.125594 -1.416526,0.02912 -1.416526,0.02912 l 0.277464,-0.35917 c -0.653336,-0.0044 -1.474939,0.145609 -1.474939,0.145609 l 0.26286,-0.456242 c -0.999726,0.189493 -1.620973,0.184438 -1.620973,0.184438 l 0.306671,-0.378584 c -0.819073,-0.09475 -1.562559,0.203853 -1.562559,0.203853 l 0.30667,-0.46595 c -0.679853,-0.02203 -1.708593,0.300926 -1.708593,0.300926 0.299322,-0.392206 0.306671,-0.543608 0.306671,-0.543608 -0.80515,0.251188 -1.767006,0.533901 -1.767006,0.533901 l 0.423497,-0.533901 z"
       id="path3772"
       style="fill:#fafdfb;fill-opacity:1;fill-rule:nonzero" />
  </g>
</svg>
